name: machine_learning
channels:
- defaults
dependencies:
- asn1crypto=0.22.0=py27hc975345_1
- backports=1.0=py27h6492d98_1
- backports.functools_lru_cache=1.4=py27h9586e20_1
- backports_abc=0.5=py27h0ec6b72_0
- ca-certificates=2017.08.26=h94faf87_0
- cachecontrol=0.12.3=py27h15eca11_0
- certifi=2017.7.27.1=py27hf761292_0
- cffi=1.10.0=py27hb6f203f_1
- chardet=3.0.4=py27h56c3b73_1
- colorama=0.3.9=py27hdfe4ae1_0
- cryptography=2.0.3=py27h1cc6ae9_1
- cycler=0.10.0=py27h59acbbf_0
- distlib=0.2.5=py27hbc39c7c_0
- enum34=1.1.6=py27h2aa175b_1
- freetype=2.8=vc9hf582001_0
- functools32=3.2.3.2=py27h0cdbcdb_1
- holoviews=1.8.3=py27_0
- html5lib=0.999999999=py27h47766b3_0
- icc_rt=2017.0.4=h97af966_0
- icu=58.2=vc9h3e79e4e_0
- idna=2.6=py27h1ea29d3_1
- intel-openmp=2018.0.0=hcd89f80_7
- ipaddress=1.0.18=py27h08e1fa7_0
- jpeg=9b=vc9hb90d6ad_1
- libpng=1.6.32=vc9h2352712_3
- lockfile=0.12.2=py27hcad0c83_0
- matplotlib=2.1.0=py27h86412ea_0
- mkl=2018.0.0=h36b65af_4
- msgpack-python=0.4.8=py27he0366a1_0
- numpy=1.13.3=py27h9ac254c_0
- openssl=1.0.2l=vc9h02d068b_2
- packaging=16.8=py27hae1a450_1
- pandas=0.20.3=py27he04484b_2
- param=1.5.1=py27_0
- patsy=0.4.1=py27h5f67e4e_0
- pip=9.0.1=py27hdb66070_3
- progress=1.3=py27hcb558ea_0
- pycparser=2.18=py27hb43d16c_1
- pyopenssl=17.2.0=py27h58ddd18_0
- pyparsing=2.2.0=py27hc7d9fa6_1
- pyqt=5.6.0=py27h224ed30_5
- pysocks=1.6.7=py27h59bdd1e_1
- python=2.7.14=h59f5a59_20
- python-dateutil=2.6.1=py27hbdcc174_1
- pytz=2017.2=py27haecbe8f_1
- qt=5.6.2=vc9hc26998b_12
- requests=2.18.4=py27h3159eba_1
- scipy=0.19.1=py27h069396b_3
- seaborn=0.8.0=py27h5729117_0
- setuptools=36.5.0=py27ha483b79_0
- singledispatch=3.4.0.3=py27h3f9d112_0
- sip=4.18.1=py27h5ec1c1a_2
- six=1.11.0=py27ha5e1701_1
- sqlite=3.20.1=vc9h5ec81ce_1
- ssl_match_hostname=3.5.0.1=py27hea8a0f4_2
- statsmodels=0.8.0=py27hc77c1fc_0
- tornado=4.5.2=py27hbdd278e_0
- urllib3=1.22=py27hb9f5a07_0
- vc=9=h7299396_1
- vs2008_runtime=9.00.30729.1=hfaea7d5_1
- webencodings=0.5.1=py27h4e224a2_1
- wheel=0.29.0=py27hffb40b6_1
- win_inet_pton=1.0.1=py27hf41312a_1
- wincertstore=0.2=py27hf04cefb_0
- zlib=1.2.11=vc9ha80f4e8_1
- pip:
  - backports-abc==0.5
  - backports.functools-lru-cache==1.4
  - backports.shutil-get-terminal-size==1.0.0
  - backports.ssl-match-hostname==3.5.0.1
  - bleach==2.1.1
  - configparser==3.5.0
  - decorator==4.1.2
  - entrypoints==0.2.3
  - ipykernel==4.6.1
  - ipython==5.5.0
  - ipython-genutils==0.2.0
  - ipywidgets==7.0.3
  - jinja2==2.9.6
  - jsonschema==2.6.0
  - jupyter-client==5.1.0
  - jupyter-core==4.3.0
  - markupsafe==1.0
  - mistune==0.7.4
  - nbconvert==5.3.1
  - nbformat==4.4.0
  - notebook==5.2.0
  - pandocfilters==1.4.2
  - paramnb==2.0.2
  - pathlib2==2.3.0
  - pickleshare==0.7.4
  - prompt-toolkit==1.0.15
  - pygments==2.2.0
  - pyzmq==16.0.2
  - scandir==1.6
  - simplegeneric==0.8.1
  - testpath==0.3.1
  - traitlets==4.3.2
  - wcwidth==0.1.7
  - widgetsnbextension==3.0.6
  - win-inet-pton==1.0.1
  - win-unicode-console==0.5

